2.627450980392156965e-01 4.039215686274509887e-01 4.196078431372549100e-01
2.627450980392156965e-01 4.039215686274509887e-01 4.196078431372549100e-01
2.664975009611688095e-01 4.081045751633987084e-01 4.234217608612072525e-01
2.664975009611688095e-01 4.081045751633987084e-01 4.234217608612072525e-01
2.702499038831218670e-01 4.122875816993464282e-01 4.272356785851595395e-01
2.702499038831218670e-01 4.122875816993464282e-01 4.272356785851595395e-01
2.740023068050749799e-01 4.164705882352941479e-01 4.310495963091118821e-01
2.740023068050749799e-01 4.164705882352941479e-01 4.310495963091118821e-01
2.777547097270280929e-01 4.206535947712418122e-01 4.348635140330642246e-01
2.777547097270280929e-01 4.206535947712418122e-01 4.348635140330642246e-01
2.815071126489811504e-01 4.248366013071895320e-01 4.386774317570165116e-01
2.815071126489811504e-01 4.248366013071895320e-01 4.386774317570165116e-01
2.852595155709342634e-01 4.290196078431372517e-01 4.424913494809688541e-01
2.852595155709342634e-01 4.290196078431372517e-01 4.424913494809688541e-01
2.890119184928873763e-01 4.332026143790849715e-01 4.463052672049211966e-01
2.890119184928873763e-01 4.332026143790849715e-01 4.463052672049211966e-01
2.927643214148404338e-01 4.373856209150326912e-01 4.501191849288735392e-01
2.927643214148404338e-01 4.373856209150326912e-01 4.501191849288735392e-01
2.965167243367935468e-01 4.415686274509804110e-01 4.539331026528258262e-01
2.965167243367935468e-01 4.415686274509804110e-01 4.539331026528258262e-01
3.002691272587466598e-01 4.457516339869280753e-01 4.577470203767781687e-01
3.002691272587466598e-01 4.457516339869280753e-01 4.577470203767781687e-01
3.040215301806997172e-01 4.499346405228757950e-01 4.615609381007305112e-01
3.040215301806997172e-01 4.499346405228757950e-01 4.615609381007305112e-01
3.077739331026528302e-01 4.541176470588235148e-01 4.653748558246827982e-01
3.077739331026528302e-01 4.541176470588235148e-01 4.653748558246827982e-01
3.115263360246059432e-01 4.583006535947712345e-01 4.691887735486351407e-01
3.115263360246059432e-01 4.583006535947712345e-01 4.691887735486351407e-01
3.152787389465590007e-01 4.624836601307189543e-01 4.730026912725874833e-01
3.152787389465590007e-01 4.624836601307189543e-01 4.730026912725874833e-01
3.190311418685121136e-01 4.666666666666666741e-01 4.768166089965397703e-01
3.190311418685121136e-01 4.666666666666666741e-01 4.768166089965397703e-01
3.227835447904652266e-01 4.708496732026143938e-01 4.806305267204921128e-01
3.227835447904652266e-01 4.708496732026143938e-01 4.806305267204921128e-01
3.265359477124183396e-01 4.750326797385621136e-01 4.844444444444444553e-01
3.265359477124183396e-01 4.750326797385621136e-01 4.844444444444444553e-01
3.302883506343713971e-01 4.792156862745097778e-01 4.882583621683967978e-01
3.302883506343713971e-01 4.792156862745097778e-01 4.882583621683967978e-01
3.340407535563245101e-01 4.833986928104574976e-01 4.920722798923490848e-01
3.340407535563245101e-01 4.833986928104574976e-01 4.920722798923490848e-01
3.377931564782775675e-01 4.875816993464052174e-01 4.958861976163014273e-01
3.377931564782775675e-01 4.875816993464052174e-01 4.958861976163014273e-01
3.415455594002306805e-01 4.917647058823529371e-01 4.997001153402537144e-01
3.415455594002306805e-01 4.917647058823529371e-01 4.997001153402537144e-01
3.452979623221837935e-01 4.959477124183006569e-01 5.035140330642060569e-01
3.452979623221837935e-01 4.959477124183006569e-01 5.035140330642060569e-01
3.490503652441369065e-01 5.001307189542483211e-01 5.073279507881583994e-01
3.490503652441369065e-01 5.001307189542483211e-01 5.073279507881583994e-01
3.528027681660899639e-01 5.043137254901960409e-01 5.111418685121107419e-01
3.528027681660899639e-01 5.043137254901960409e-01 5.111418685121107419e-01
3.565551710880430769e-01 5.084967320261437607e-01 5.149557862360630844e-01
3.565551710880430769e-01 5.084967320261437607e-01 5.149557862360630844e-01
3.603075740099961344e-01 5.126797385620914804e-01 5.187697039600154270e-01
3.603075740099961344e-01 5.126797385620914804e-01 5.187697039600154270e-01
3.640599769319492474e-01 5.168627450980392002e-01 5.225836216839676585e-01
3.640599769319492474e-01 5.168627450980392002e-01 5.225836216839676585e-01
3.678123798539023603e-01 5.210457516339869199e-01 5.263975394079200010e-01
3.678123798539023603e-01 5.210457516339869199e-01 5.263975394079200010e-01
3.715647827758554733e-01 5.252287581699346397e-01 5.302114571318723435e-01
3.715647827758554733e-01 5.252287581699346397e-01 5.302114571318723435e-01
3.753171856978085308e-01 5.294117647058823595e-01 5.340253748558246860e-01
3.753171856978085308e-01 5.294117647058823595e-01 5.340253748558246860e-01
3.790695886197616438e-01 5.335947712418300792e-01 5.378392925797770285e-01
3.790695886197616438e-01 5.335947712418300792e-01 5.378392925797770285e-01
3.828219915417147012e-01 5.377777777777776880e-01 5.416532103037293711e-01
3.828219915417147012e-01 5.377777777777776880e-01 5.416532103037293711e-01
3.865743944636678142e-01 5.419607843137255188e-01 5.454671280276816026e-01
3.865743944636678142e-01 5.419607843137255188e-01 5.454671280276816026e-01
3.903267973856209272e-01 5.461437908496731275e-01 5.492810457516339451e-01
3.903267973856209272e-01 5.461437908496731275e-01 5.492810457516339451e-01
3.940792003075740402e-01 5.503267973856209583e-01 5.530949634755862876e-01
3.940792003075740402e-01 5.503267973856209583e-01 5.530949634755862876e-01
3.978316032295270976e-01 5.545098039215685670e-01 5.569088811995386301e-01
3.978316032295270976e-01 5.545098039215685670e-01 5.569088811995386301e-01
4.015840061514801551e-01 5.586928104575162868e-01 5.607227989234909726e-01
4.015840061514801551e-01 5.586928104575162868e-01 5.607227989234909726e-01
4.053364090734332681e-01 5.628758169934640065e-01 5.645367166474433152e-01
4.053364090734332681e-01 5.628758169934640065e-01 5.645367166474433152e-01
4.090888119953863811e-01 5.670588235294117263e-01 5.683506343713956577e-01
4.090888119953863811e-01 5.670588235294117263e-01 5.683506343713956577e-01
4.128412149173394941e-01 5.712418300653594461e-01 5.721645520953478892e-01
4.128412149173394941e-01 5.712418300653594461e-01 5.721645520953478892e-01
4.165936178392925515e-01 5.754248366013071658e-01 5.759784698193002317e-01
4.165936178392925515e-01 5.754248366013071658e-01 5.759784698193002317e-01
4.203460207612456645e-01 5.796078431372548856e-01 5.797923875432525742e-01
4.203460207612456645e-01 5.796078431372548856e-01 5.797923875432525742e-01
4.240984236831987775e-01 5.837908496732026054e-01 5.836063052672049167e-01
4.240984236831987775e-01 5.837908496732026054e-01 5.836063052672049167e-01
4.278508266051518349e-01 5.879738562091503251e-01 5.874202229911572593e-01
4.278508266051518349e-01 5.879738562091503251e-01 5.874202229911572593e-01
4.316032295271049479e-01 5.921568627450979339e-01 5.912341407151096018e-01
4.316032295271049479e-01 5.921568627450979339e-01 5.912341407151096018e-01
4.353556324490580609e-01 5.963398692810457646e-01 5.950480584390618333e-01
4.353556324490580609e-01 5.963398692810457646e-01 5.950480584390618333e-01
4.391080353710111739e-01 6.005228758169933734e-01 5.988619761630142868e-01
4.391080353710111739e-01 6.005228758169933734e-01 5.988619761630142868e-01
4.428604382929642314e-01 6.047058823529412042e-01 6.026758938869665183e-01
4.428604382929642314e-01 6.047058823529412042e-01 6.026758938869665183e-01
4.466128412149172888e-01 6.088888888888888129e-01 6.064898116109188608e-01
4.466128412149172888e-01 6.088888888888888129e-01 6.064898116109188608e-01
4.503652441368704018e-01 6.130718954248365327e-01 6.103037293348712033e-01
4.503652441368704018e-01 6.130718954248365327e-01 6.103037293348712033e-01
4.541176470588235148e-01 6.172549019607842524e-01 6.141176470588235459e-01
4.541176470588235148e-01 6.172549019607842524e-01 6.141176470588235459e-01
4.578700499807766278e-01 6.214379084967319722e-01 6.179315647827758884e-01
4.578700499807766278e-01 6.214379084967319722e-01 6.179315647827758884e-01
4.616224529027297407e-01 6.256209150326796919e-01 6.217454825067281199e-01
4.616224529027297407e-01 6.256209150326796919e-01 6.217454825067281199e-01
4.653748558246827982e-01 6.298039215686274117e-01 6.255594002306804624e-01
4.653748558246827982e-01 6.298039215686274117e-01 6.255594002306804624e-01
4.691272587466359112e-01 6.339869281045751315e-01 6.293733179546328049e-01
4.691272587466359112e-01 6.339869281045751315e-01 6.293733179546328049e-01
4.728796616685889687e-01 6.381699346405228512e-01 6.331872356785851474e-01
4.728796616685889687e-01 6.381699346405228512e-01 6.331872356785851474e-01
4.766320645905420816e-01 6.423529411764705710e-01 6.370011534025374900e-01
4.766320645905420816e-01 6.423529411764705710e-01 6.370011534025374900e-01
4.803844675124951946e-01 6.465359477124182908e-01 6.408150711264897215e-01
4.803844675124951946e-01 6.465359477124182908e-01 6.408150711264897215e-01
4.841368704344483076e-01 6.507189542483660105e-01 6.446289888504421750e-01
4.841368704344483076e-01 6.507189542483660105e-01 6.446289888504421750e-01
4.878892733564013651e-01 6.549019607843136193e-01 6.484429065743944065e-01
4.878892733564013651e-01 6.549019607843136193e-01 6.484429065743944065e-01
4.916416762783544225e-01 6.590849673202614500e-01 6.522568242983467490e-01
4.916416762783544225e-01 6.590849673202614500e-01 6.522568242983467490e-01
4.953940792003075355e-01 6.632679738562090588e-01 6.560707420222990915e-01
4.953940792003075355e-01 6.632679738562090588e-01 6.560707420222990915e-01
4.991464821222606485e-01 6.674509803921568896e-01 6.598846597462514341e-01
4.991464821222606485e-01 6.674509803921568896e-01 6.598846597462514341e-01
5.039138792772011044e-01 6.718800461361014165e-01 6.640676662821991538e-01
5.039138792772011044e-01 6.718800461361014165e-01 6.640676662821991538e-01
5.117262591311033670e-01 6.770472895040368089e-01 6.693579392541330053e-01
5.117262591311033670e-01 6.770472895040368089e-01 6.693579392541330053e-01
5.195386389850056297e-01 6.822145328719722013e-01 6.746482122260667458e-01
5.195386389850056297e-01 6.822145328719722013e-01 6.746482122260667458e-01
5.273510188389081144e-01 6.873817762399077047e-01 6.799384851980007083e-01
5.273510188389081144e-01 6.873817762399077047e-01 6.799384851980007083e-01
5.351633986928104880e-01 6.925490196078430971e-01 6.852287581699346708e-01
5.351633986928104880e-01 6.925490196078430971e-01 6.852287581699346708e-01
5.429757785467127507e-01 6.977162629757784895e-01 6.905190311418685223e-01
5.429757785467127507e-01 6.977162629757784895e-01 6.905190311418685223e-01
5.507881584006151243e-01 7.028835063437138819e-01 6.958093041138023738e-01
5.507881584006151243e-01 7.028835063437138819e-01 6.958093041138023738e-01
5.586005382545174980e-01 7.080507497116492743e-01 7.010995770857362253e-01
5.586005382545174980e-01 7.080507497116492743e-01 7.010995770857362253e-01
5.664129181084198716e-01 7.132179930795847778e-01 7.063898500576700767e-01
5.664129181084198716e-01 7.132179930795847778e-01 7.063898500576700767e-01
5.742252979623221343e-01 7.183852364475201702e-01 7.116801230296039282e-01
5.742252979623221343e-01 7.183852364475201702e-01 7.116801230296039282e-01
5.820376778162243969e-01 7.235524798154554516e-01 7.169703960015377797e-01
5.820376778162243969e-01 7.235524798154554516e-01 7.169703960015377797e-01
5.898500576701268816e-01 7.287197231833909550e-01 7.222606689734717422e-01
5.898500576701268816e-01 7.287197231833909550e-01 7.222606689734717422e-01
5.976624375240292553e-01 7.338869665513263474e-01 7.275509419454055937e-01
5.976624375240292553e-01 7.338869665513263474e-01 7.275509419454055937e-01
6.054748173779315179e-01 7.390542099192617398e-01 7.328412149173394452e-01
6.054748173779315179e-01 7.390542099192617398e-01 7.328412149173394452e-01
6.132871972318338916e-01 7.442214532871972432e-01 7.381314878892732967e-01
6.132871972318338916e-01 7.442214532871972432e-01 7.381314878892732967e-01
6.210995770857362652e-01 7.493886966551326356e-01 7.434217608612072592e-01
6.210995770857362652e-01 7.493886966551326356e-01 7.434217608612072592e-01
6.289119569396386389e-01 7.545559400230680280e-01 7.487120338331411107e-01
6.289119569396386389e-01 7.545559400230680280e-01 7.487120338331411107e-01
6.367243367935409015e-01 7.597231833910034204e-01 7.540023068050749622e-01
6.367243367935409015e-01 7.597231833910034204e-01 7.540023068050749622e-01
6.445367166474431642e-01 7.648904267589387018e-01 7.592925797770087026e-01
6.445367166474431642e-01 7.648904267589387018e-01 7.592925797770087026e-01
6.523490965013456488e-01 7.700576701268742053e-01 7.645828527489426651e-01
6.523490965013456488e-01 7.700576701268742053e-01 7.645828527489426651e-01
6.601614763552479115e-01 7.752249134948097087e-01 7.698731257208765166e-01
6.601614763552479115e-01 7.752249134948097087e-01 7.698731257208765166e-01
6.679738562091502851e-01 7.803921568627451011e-01 7.751633986928104791e-01
6.679738562091502851e-01 7.803921568627451011e-01 7.751633986928104791e-01
6.757862360630526588e-01 7.855594002306804935e-01 7.804536716647443306e-01
6.757862360630526588e-01 7.855594002306804935e-01 7.804536716647443306e-01
6.835986159169550325e-01 7.907266435986158859e-01 7.857439446366781821e-01
6.835986159169550325e-01 7.907266435986158859e-01 7.857439446366781821e-01
6.914109957708574061e-01 7.958938869665512783e-01 7.910342176086120336e-01
6.914109957708574061e-01 7.958938869665512783e-01 7.910342176086120336e-01
6.992233756247596688e-01 8.010611303344866707e-01 7.963244905805458851e-01
6.992233756247596688e-01 8.010611303344866707e-01 7.963244905805458851e-01
7.070357554786619314e-01 8.062283737024220631e-01 8.016147635524797366e-01
7.070357554786619314e-01 8.062283737024220631e-01 8.016147635524797366e-01
7.148481353325644161e-01 8.113956170703575665e-01 8.069050365244136991e-01
7.148481353325644161e-01 8.113956170703575665e-01 8.069050365244136991e-01
7.226605151864666787e-01 8.165628604382929590e-01 8.121953094963475506e-01
7.226605151864666787e-01 8.165628604382929590e-01 8.121953094963475506e-01
7.304728950403690524e-01 8.217301038062283514e-01 8.174855824682814021e-01
7.304728950403690524e-01 8.217301038062283514e-01 8.174855824682814021e-01
7.382852748942714260e-01 8.268973471741637438e-01 8.227758554402152535e-01
7.382852748942714260e-01 8.268973471741637438e-01 8.227758554402152535e-01
7.460976547481737997e-01 8.320645905420991362e-01 8.280661284121491050e-01
7.460976547481737997e-01 8.320645905420991362e-01 8.280661284121491050e-01
7.539100346020761734e-01 8.372318339100345286e-01 8.333564013840830675e-01
7.539100346020761734e-01 8.372318339100345286e-01 8.333564013840830675e-01
7.617224144559784360e-01 8.423990772779700320e-01 8.386466743560169190e-01
7.617224144559784360e-01 8.423990772779700320e-01 8.386466743560169190e-01
7.695347943098806986e-01 8.475663206459053134e-01 8.439369473279506595e-01
7.695347943098806986e-01 8.475663206459053134e-01 8.439369473279506595e-01
7.773471741637831833e-01 8.527335640138408168e-01 8.492272202998846220e-01
7.773471741637831833e-01 8.527335640138408168e-01 8.492272202998846220e-01
7.851595540176854460e-01 8.579008073817762092e-01 8.545174932718184735e-01
7.851595540176854460e-01 8.579008073817762092e-01 8.545174932718184735e-01
7.929719338715879307e-01 8.630680507497116016e-01 8.598077662437524360e-01
7.929719338715879307e-01 8.630680507497116016e-01 8.598077662437524360e-01
8.007843137254901933e-01 8.682352941176469940e-01 8.650980392156862875e-01
8.007843137254901933e-01 8.682352941176469940e-01 8.650980392156862875e-01
8.085966935793925670e-01 8.734025374855824975e-01 8.703883121876201390e-01
8.085966935793925670e-01 8.734025374855824975e-01 8.703883121876201390e-01
8.164090734332949406e-01 8.785697808535178899e-01 8.756785851595539905e-01
8.164090734332949406e-01 8.785697808535178899e-01 8.756785851595539905e-01
8.242214532871972033e-01 8.837370242214532823e-01 8.809688581314878419e-01
8.242214532871972033e-01 8.837370242214532823e-01 8.809688581314878419e-01
8.320338331410994659e-01 8.889042675893885637e-01 8.862591311034216934e-01
8.320338331410994659e-01 8.889042675893885637e-01 8.862591311034216934e-01
8.398462129950019506e-01 8.940715109573240671e-01 8.915494040753556559e-01
8.398462129950019506e-01 8.940715109573240671e-01 8.915494040753556559e-01
8.476585928489042132e-01 8.992387543252594595e-01 8.968396770472895074e-01
8.476585928489042132e-01 8.992387543252594595e-01 8.968396770472895074e-01
8.554709727028066979e-01 9.044059976931948519e-01 9.021299500192233589e-01
8.554709727028066979e-01 9.044059976931948519e-01 9.021299500192233589e-01
8.632833525567089605e-01 9.095732410611303553e-01 9.074202229911572104e-01
8.632833525567089605e-01 9.095732410611303553e-01 9.074202229911572104e-01
8.710957324106113342e-01 9.147404844290657477e-01 9.127104959630911729e-01
8.710957324106113342e-01 9.147404844290657477e-01 9.127104959630911729e-01
8.789081122645137079e-01 9.199077277970011401e-01 9.180007689350249134e-01
8.789081122645137079e-01 9.199077277970011401e-01 9.180007689350249134e-01
8.867204921184159705e-01 9.250749711649366436e-01 9.232910419069588759e-01
8.867204921184159705e-01 9.250749711649366436e-01 9.232910419069588759e-01
8.945328719723182331e-01 9.302422145328719250e-01 9.285813148788926163e-01
8.945328719723182331e-01 9.302422145328719250e-01 9.285813148788926163e-01
9.023452518262207178e-01 9.354094579008074284e-01 9.338715878508265789e-01
9.023452518262207178e-01 9.354094579008074284e-01 9.338715878508265789e-01
9.101576316801229805e-01 9.405767012687427098e-01 9.391618608227605414e-01
9.101576316801229805e-01 9.405767012687427098e-01 9.391618608227605414e-01
9.179700115340254651e-01 9.457439446366782132e-01 9.444521337946942818e-01
9.179700115340254651e-01 9.457439446366782132e-01 9.444521337946942818e-01
9.257823913879277278e-01 9.509111880046136056e-01 9.497424067666282443e-01
9.257823913879277278e-01 9.509111880046136056e-01 9.497424067666282443e-01
9.335947712418301014e-01 9.560784313725489980e-01 9.550326797385620958e-01
9.335947712418301014e-01 9.560784313725489980e-01 9.550326797385620958e-01
9.414071510957324751e-01 9.612456747404843904e-01 9.603229527104959473e-01
9.414071510957324751e-01 9.612456747404843904e-01 9.603229527104959473e-01
9.492195309496347377e-01 9.664129181084197828e-01 9.656132256824299098e-01
9.492195309496347377e-01 9.664129181084197828e-01 9.656132256824299098e-01
9.570319108035370004e-01 9.715801614763551752e-01 9.709034986543636503e-01
9.570319108035370004e-01 9.715801614763551752e-01 9.709034986543636503e-01
9.648442906574394851e-01 9.767474048442906787e-01 9.761937716262976128e-01
9.648442906574394851e-01 9.767474048442906787e-01 9.761937716262976128e-01
9.726566705113417477e-01 9.819146482122260711e-01 9.814840445982314643e-01
9.726566705113417477e-01 9.819146482122260711e-01 9.814840445982314643e-01
9.804690503652442324e-01 9.870818915801614635e-01 9.867743175701653158e-01
9.804690503652442324e-01 9.870818915801614635e-01 9.867743175701653158e-01
9.882814302191464950e-01 9.922491349480968559e-01 9.920645905420991673e-01
9.882814302191464950e-01 9.922491349480968559e-01 9.920645905420991673e-01
9.960938100730488687e-01 9.974163783160323593e-01 9.973548635140330187e-01
9.960938100730488687e-01 9.974163783160323593e-01 9.973548635140330187e-01
9.988004613610149685e-01 9.971703191080353301e-01 9.956939638600538212e-01
9.988004613610149685e-01 9.971703191080353301e-01 9.956939638600538212e-01
9.964013840830450164e-01 9.915109573241061014e-01 9.870818915801614635e-01
9.964013840830450164e-01 9.915109573241061014e-01 9.870818915801614635e-01
9.940023068050749533e-01 9.858515955401768727e-01 9.784698193002691058e-01
9.940023068050749533e-01 9.858515955401768727e-01 9.784698193002691058e-01
9.916032295271050012e-01 9.801922337562476439e-01 9.698577470203767481e-01
9.916032295271050012e-01 9.801922337562476439e-01 9.698577470203767481e-01
9.892041522491350491e-01 9.745328719723185262e-01 9.612456747404847235e-01
9.892041522491350491e-01 9.745328719723185262e-01 9.612456747404847235e-01
9.868050749711649861e-01 9.688735101883890755e-01 9.526336024605920327e-01
9.868050749711649861e-01 9.688735101883890755e-01 9.526336024605920327e-01
9.844059976931949230e-01 9.632141484044598467e-01 9.440215301806996750e-01
9.844059976931949230e-01 9.632141484044598467e-01 9.440215301806996750e-01
9.820069204152248599e-01 9.575547866205305070e-01 9.354094579008074284e-01
9.820069204152248599e-01 9.575547866205305070e-01 9.354094579008074284e-01
9.796078431372549078e-01 9.518954248366012783e-01 9.267973856209150707e-01
9.796078431372549078e-01 9.518954248366012783e-01 9.267973856209150707e-01
9.772087658592848447e-01 9.462360630526720495e-01 9.181853133410227130e-01
9.772087658592848447e-01 9.462360630526720495e-01 9.181853133410227130e-01
9.748096885813148926e-01 9.405767012687428208e-01 9.095732410611303553e-01
9.748096885813148926e-01 9.405767012687428208e-01 9.095732410611303553e-01
9.724106113033448295e-01 9.349173394848134810e-01 9.009611687812379976e-01
9.724106113033448295e-01 9.349173394848134810e-01 9.009611687812379976e-01
9.700115340253748775e-01 9.292579777008842523e-01 8.923490965013456400e-01
9.700115340253748775e-01 9.292579777008842523e-01 8.923490965013456400e-01
9.676124567474048144e-01 9.235986159169550236e-01 8.837370242214532823e-01
9.676124567474048144e-01 9.235986159169550236e-01 8.837370242214532823e-01
9.652133794694348623e-01 9.179392541330257949e-01 8.751249519415609246e-01
9.652133794694348623e-01 9.179392541330257949e-01 8.751249519415609246e-01
9.628143021914647992e-01 9.122798923490964551e-01 8.665128796616685669e-01
9.628143021914647992e-01 9.122798923490964551e-01 8.665128796616685669e-01
9.604152249134948471e-01 9.066205305651672264e-01 8.579008073817762092e-01
9.604152249134948471e-01 9.066205305651672264e-01 8.579008073817762092e-01
9.580161476355247840e-01 9.009611687812379976e-01 8.492887351018838515e-01
9.580161476355247840e-01 9.009611687812379976e-01 8.492887351018838515e-01
9.556170703575548320e-01 8.953018069973086579e-01 8.406766628219914939e-01
9.556170703575548320e-01 8.953018069973086579e-01 8.406766628219914939e-01
9.532179930795847689e-01 8.896424452133794292e-01 8.320645905420991362e-01
9.532179930795847689e-01 8.896424452133794292e-01 8.320645905420991362e-01
9.508189158016148168e-01 8.839830834294503115e-01 8.234525182622070005e-01
9.508189158016148168e-01 8.839830834294503115e-01 8.234525182622070005e-01
9.484198385236447537e-01 8.783237216455209717e-01 8.148404459823144208e-01
9.484198385236447537e-01 8.783237216455209717e-01 8.148404459823144208e-01
9.460207612456746906e-01 8.726643598615916320e-01 8.062283737024220631e-01
9.460207612456746906e-01 8.726643598615916320e-01 8.062283737024220631e-01
9.436216839677047385e-01 8.670049980776624032e-01 7.976163014225297054e-01
9.436216839677047385e-01 8.670049980776624032e-01 7.976163014225297054e-01
9.412226066897346755e-01 8.613456362937331745e-01 7.890042291426373477e-01
9.412226066897346755e-01 8.613456362937331745e-01 7.890042291426373477e-01
9.388235294117647234e-01 8.556862745098039458e-01 7.803921568627451011e-01
9.388235294117647234e-01 8.556862745098039458e-01 7.803921568627451011e-01
9.364244521337946603e-01 8.500269127258746060e-01 7.717800845828527434e-01
9.364244521337946603e-01 8.500269127258746060e-01 7.717800845828527434e-01
9.340253748558247082e-01 8.443675509419453773e-01 7.631680123029603857e-01
9.340253748558247082e-01 8.443675509419453773e-01 7.631680123029603857e-01
9.316262975778546451e-01 8.387081891580161486e-01 7.545559400230680280e-01
9.316262975778546451e-01 8.387081891580161486e-01 7.545559400230680280e-01
9.292272202998846931e-01 8.330488273740868088e-01 7.459438677431756703e-01
9.292272202998846931e-01 8.330488273740868088e-01 7.459438677431756703e-01
9.268281430219146300e-01 8.273894655901575801e-01 7.373317954632833127e-01
9.268281430219146300e-01 8.273894655901575801e-01 7.373317954632833127e-01
9.244290657439446779e-01 8.217301038062283514e-01 7.287197231833909550e-01
9.244290657439446779e-01 8.217301038062283514e-01 7.287197231833909550e-01
9.220299884659746148e-01 8.160707420222991226e-01 7.201076509034987083e-01
9.220299884659746148e-01 8.160707420222991226e-01 7.201076509034987083e-01
9.196309111880045517e-01 8.104113802383697829e-01 7.114955786236063506e-01
9.196309111880045517e-01 8.104113802383697829e-01 7.114955786236063506e-01
9.172318339100345996e-01 8.047520184544405542e-01 7.028835063437139929e-01
9.172318339100345996e-01 8.047520184544405542e-01 7.028835063437139929e-01
9.148327566320645365e-01 7.990926566705113254e-01 6.942714340638216353e-01
9.148327566320645365e-01 7.990926566705113254e-01 6.942714340638216353e-01
9.124336793540945845e-01 7.934332948865822077e-01 6.856593617839294996e-01
9.124336793540945845e-01 7.934332948865822077e-01 6.856593617839294996e-01
9.100346020761245214e-01 7.877739331026527569e-01 6.770472895040369199e-01
9.100346020761245214e-01 7.877739331026527569e-01 6.770472895040369199e-01
9.076355247981545693e-01 7.821145713187235282e-01 6.684352172241445622e-01
9.076355247981545693e-01 7.821145713187235282e-01 6.684352172241445622e-01
9.052364475201845062e-01 7.764552095347942995e-01 6.598231449442522045e-01
9.052364475201845062e-01 7.764552095347942995e-01 6.598231449442522045e-01
9.028373702422145541e-01 7.707958477508650708e-01 6.512110726643598468e-01
9.028373702422145541e-01 7.707958477508650708e-01 6.512110726643598468e-01
9.004382929642444910e-01 7.651364859669357310e-01 6.425990003844674892e-01
9.004382929642444910e-01 7.651364859669357310e-01 6.425990003844674892e-01
8.980392156862745390e-01 7.594771241830065023e-01 6.339869281045751315e-01
8.980392156862745390e-01 7.594771241830065023e-01 6.339869281045751315e-01
8.956401384083044759e-01 7.538177623990772735e-01 6.253748558246827738e-01
8.956401384083044759e-01 7.538177623990772735e-01 6.253748558246827738e-01
8.932410611303345238e-01 7.481584006151480448e-01 6.167627835447904161e-01
8.932410611303345238e-01 7.481584006151480448e-01 6.167627835447904161e-01
8.908419838523644607e-01 7.424990388312187051e-01 6.081507112648980584e-01
8.908419838523644607e-01 7.424990388312187051e-01 6.081507112648980584e-01
8.884429065743945086e-01 7.368396770472894763e-01 5.995386389850057007e-01
8.884429065743945086e-01 7.368396770472894763e-01 5.995386389850057007e-01
8.860438292964244456e-01 7.311803152633602476e-01 5.909265667051133430e-01
8.860438292964244456e-01 7.311803152633602476e-01 5.909265667051133430e-01
8.836447520184544935e-01 7.255209534794309079e-01 5.823144944252209854e-01
8.836447520184544935e-01 7.255209534794309079e-01 5.823144944252209854e-01
8.812456747404844304e-01 7.198615916955016791e-01 5.737024221453286277e-01
8.812456747404844304e-01 7.198615916955016791e-01 5.737024221453286277e-01
8.788465974625143673e-01 7.142022299115724504e-01 5.650903498654363810e-01
8.788465974625143673e-01 7.142022299115724504e-01 5.650903498654363810e-01
8.764475201845444152e-01 7.085428681276431107e-01 5.564782775855439123e-01
8.764475201845444152e-01 7.085428681276431107e-01 5.564782775855439123e-01
8.740484429065744632e-01 7.028835063437141040e-01 5.478662053056518877e-01
8.740484429065744632e-01 7.028835063437141040e-01 5.478662053056518877e-01
8.716493656286044001e-01 6.972241445597846532e-01 5.392541330257591969e-01
8.716493656286044001e-01 6.972241445597846532e-01 5.392541330257591969e-01
8.692502883506343370e-01 6.915647827758554245e-01 5.306420607458669503e-01
8.692502883506343370e-01 6.915647827758554245e-01 5.306420607458669503e-01
8.668512110726643849e-01 6.859054209919261957e-01 5.220299884659745926e-01
8.668512110726643849e-01 6.859054209919261957e-01 5.220299884659745926e-01
8.644521337946943218e-01 6.802460592079968560e-01 5.134179161860822349e-01
8.644521337946943218e-01 6.802460592079968560e-01 5.134179161860822349e-01
8.620530565167243697e-01 6.745866974240676273e-01 5.048058439061898772e-01
8.620530565167243697e-01 6.745866974240676273e-01 5.048058439061898772e-01
8.596539792387543066e-01 6.689273356401383985e-01 4.961937716262975195e-01
8.596539792387543066e-01 6.689273356401383985e-01 4.961937716262975195e-01
8.572549019607842435e-01 6.632679738562090588e-01 4.875816993464051619e-01
8.572549019607842435e-01 6.632679738562090588e-01 4.875816993464051619e-01
8.548558246828142915e-01 6.576086120722799411e-01 4.789696270665128042e-01
8.548558246828142915e-01 6.576086120722799411e-01 4.789696270665128042e-01
8.524567474048443394e-01 6.519492502883506013e-01 4.703575547866204465e-01
8.524567474048443394e-01 6.519492502883506013e-01 4.703575547866204465e-01
8.500576701268742763e-01 6.462898885044212616e-01 4.617454825067281998e-01
8.500576701268742763e-01 6.462898885044212616e-01 4.617454825067281998e-01
8.476585928489042132e-01 6.406305267204921439e-01 4.531334102268357311e-01
8.476585928489042132e-01 6.406305267204921439e-01 4.531334102268357311e-01
8.444290657439446068e-01 6.356632064590541642e-01 4.483506343713956066e-01
8.444290657439446068e-01 6.356632064590541642e-01 4.483506343713956066e-01
8.409227220299884120e-01 6.309265667051133786e-01 4.448442906574394673e-01
8.409227220299884120e-01 6.309265667051133786e-01 4.448442906574394673e-01
8.374163783160323282e-01 6.261899269511725930e-01 4.413379469434832725e-01
8.374163783160323282e-01 6.261899269511725930e-01 4.413379469434832725e-01
8.339100346020761334e-01 6.214532871972318073e-01 4.378316032295271332e-01
8.339100346020761334e-01 6.214532871972318073e-01 4.378316032295271332e-01
8.304036908881200496e-01 6.167166474432911327e-01 4.343252595155710494e-01
8.304036908881200496e-01 6.167166474432911327e-01 4.343252595155710494e-01
8.268973471741637438e-01 6.119800076893502361e-01 4.308189158016147990e-01
8.268973471741637438e-01 6.119800076893502361e-01 4.308189158016147990e-01
8.233910034602076600e-01 6.072433679354094505e-01 4.273125720876586042e-01
8.233910034602076600e-01 6.072433679354094505e-01 4.273125720876586042e-01
8.198846597462514652e-01 6.025067281814686648e-01 4.238062283737024094e-01
8.198846597462514652e-01 6.025067281814686648e-01 4.238062283737024094e-01
8.163783160322952703e-01 5.977700884275278792e-01 4.202998846597462701e-01
8.163783160322952703e-01 5.977700884275278792e-01 4.202998846597462701e-01
8.128719723183390755e-01 5.930334486735870936e-01 4.167935409457900753e-01
8.128719723183390755e-01 5.930334486735870936e-01 4.167935409457900753e-01
8.093656286043828807e-01 5.882968089196461969e-01 4.132871972318339360e-01
8.093656286043828807e-01 5.882968089196461969e-01 4.132871972318339360e-01
8.058592848904267969e-01 5.835601691657054113e-01 4.097808535178777412e-01
8.058592848904267969e-01 5.835601691657054113e-01 4.097808535178777412e-01
8.023529411764706021e-01 5.788235294117646257e-01 4.062745098039215463e-01
8.023529411764706021e-01 5.788235294117646257e-01 4.062745098039215463e-01
7.988465974625144073e-01 5.740868896578238401e-01 4.027681660899654070e-01
7.988465974625144073e-01 5.740868896578238401e-01 4.027681660899654070e-01
7.953402537485582124e-01 5.693502499038830544e-01 3.992618223760092122e-01
7.953402537485582124e-01 5.693502499038830544e-01 3.992618223760092122e-01
7.918339100346020176e-01 5.646136101499422688e-01 3.957554786620530729e-01
7.918339100346020176e-01 5.646136101499422688e-01 3.957554786620530729e-01
7.883275663206459338e-01 5.598769703960014832e-01 3.922491349480968781e-01
7.883275663206459338e-01 5.598769703960014832e-01 3.922491349480968781e-01
7.848212226066897390e-01 5.551403306420606976e-01 3.887427912341407388e-01
7.848212226066897390e-01 5.551403306420606976e-01 3.887427912341407388e-01
7.813148788927335442e-01 5.504036908881199119e-01 3.852364475201845440e-01
7.813148788927335442e-01 5.504036908881199119e-01 3.852364475201845440e-01
7.778085351787773494e-01 5.456670511341791263e-01 3.817301038062284047e-01
7.778085351787773494e-01 5.456670511341791263e-01 3.817301038062284047e-01
7.743021914648212656e-01 5.409304113802384517e-01 3.782237600922723209e-01
7.743021914648212656e-01 5.409304113802384517e-01 3.782237600922723209e-01
7.707958477508650708e-01 5.361937716262975551e-01 3.747174163783160150e-01
7.707958477508650708e-01 5.361937716262975551e-01 3.747174163783160150e-01
7.672895040369088759e-01 5.314571318723567694e-01 3.712110726643598757e-01
7.672895040369088759e-01 5.314571318723567694e-01 3.712110726643598757e-01
7.637831603229526811e-01 5.267204921184159838e-01 3.677047289504036809e-01
7.637831603229526811e-01 5.267204921184159838e-01 3.677047289504036809e-01
7.602768166089964863e-01 5.219838523644751982e-01 3.641983852364475416e-01
7.602768166089964863e-01 5.219838523644751982e-01 3.641983852364475416e-01
7.567704728950404025e-01 5.172472126105344126e-01 3.606920415224913468e-01
7.567704728950404025e-01 5.172472126105344126e-01 3.606920415224913468e-01
7.532641291810842077e-01 5.125105728565936269e-01 3.571856978085351519e-01
7.532641291810842077e-01 5.125105728565936269e-01 3.571856978085351519e-01
7.497577854671280129e-01 5.077739331026528413e-01 3.536793540945790126e-01
7.497577854671280129e-01 5.077739331026528413e-01 3.536793540945790126e-01
7.462514417531718180e-01 5.030372933487120557e-01 3.501730103806228178e-01
7.462514417531718180e-01 5.030372933487120557e-01 3.501730103806228178e-01
7.427450980392156232e-01 4.983006535947712146e-01 3.466666666666666785e-01
7.427450980392156232e-01 4.983006535947712146e-01 3.466666666666666785e-01
7.392387543252595394e-01 4.935640138408304289e-01 3.431603229527104837e-01
7.392387543252595394e-01 4.935640138408304289e-01 3.431603229527104837e-01
7.357324106113033446e-01 4.888273740868896433e-01 3.396539792387543444e-01
7.357324106113033446e-01 4.888273740868896433e-01 3.396539792387543444e-01
7.322260668973471498e-01 4.840907343329488577e-01 3.361476355247981496e-01
7.322260668973471498e-01 4.840907343329488577e-01 3.361476355247981496e-01
7.287197231833909550e-01 4.793540945790080721e-01 3.326412918108420103e-01
7.287197231833909550e-01 4.793540945790080721e-01 3.326412918108420103e-01
7.252133794694348712e-01 4.746174548250672864e-01 3.291349480968858154e-01
7.252133794694348712e-01 4.746174548250672864e-01 3.291349480968858154e-01
7.217070357554786764e-01 4.698808150711264453e-01 3.256286043829296206e-01
7.217070357554786764e-01 4.698808150711264453e-01 3.256286043829296206e-01
7.182006920415225926e-01 4.651441753171858262e-01 3.221222606689735923e-01
7.182006920415225926e-01 4.651441753171858262e-01 3.221222606689735923e-01
7.146943483275662867e-01 4.604075355632448741e-01 3.186159169550173420e-01
7.146943483275662867e-01 4.604075355632448741e-01 3.186159169550173420e-01
7.111880046136100919e-01 4.556708958093040884e-01 3.151095732410611472e-01
7.111880046136100919e-01 4.556708958093040884e-01 3.151095732410611472e-01
7.076816608996540081e-01 4.509342560553633028e-01 3.116032295271049524e-01
7.076816608996540081e-01 4.509342560553633028e-01 3.116032295271049524e-01
7.041753171856978133e-01 4.461976163014225172e-01 3.080968858131488131e-01
7.041753171856978133e-01 4.461976163014225172e-01 3.080968858131488131e-01
7.006689734717416185e-01 4.414609765474817316e-01 3.045905420991926182e-01
7.006689734717416185e-01 4.414609765474817316e-01 3.045905420991926182e-01
6.971626297577855347e-01 4.367243367935409459e-01 3.010841983852364789e-01
6.971626297577855347e-01 4.367243367935409459e-01 3.010841983852364789e-01
6.936562860438293399e-01 4.319876970396001603e-01 2.975778546712802841e-01
6.936562860438293399e-01 4.319876970396001603e-01 2.975778546712802841e-01
6.901499423298731450e-01 4.272510572856593747e-01 2.940715109573240893e-01
6.901499423298731450e-01 4.272510572856593747e-01 2.940715109573240893e-01
6.866435986159169502e-01 4.225144175317185891e-01 2.905651672433678945e-01
6.866435986159169502e-01 4.225144175317185891e-01 2.905651672433678945e-01
6.831372549019607554e-01 4.177777777777778034e-01 2.870588235294118107e-01
6.831372549019607554e-01 4.177777777777778034e-01 2.870588235294118107e-01
6.796309111880045606e-01 4.130411380238370178e-01 2.835524798154556159e-01
6.796309111880045606e-01 4.130411380238370178e-01 2.835524798154556159e-01
6.761245674740484768e-01 4.083044982698962322e-01 2.800461361014994210e-01
6.761245674740484768e-01 4.083044982698962322e-01 2.800461361014994210e-01
6.726182237600922820e-01 4.035678585159554466e-01 2.765397923875432262e-01
6.726182237600922820e-01 4.035678585159554466e-01 2.765397923875432262e-01
6.691118800461360872e-01 3.988312187620146609e-01 2.730334486735870869e-01
6.691118800461360872e-01 3.988312187620146609e-01 2.730334486735870869e-01
6.656055363321798923e-01 3.940945790080738198e-01 2.695271049596309476e-01
6.656055363321798923e-01 3.940945790080738198e-01 2.695271049596309476e-01
6.620991926182238085e-01 3.893579392541332007e-01 2.660207612456748638e-01
6.620991926182238085e-01 3.893579392541332007e-01 2.660207612456748638e-01
6.585928489042676137e-01 3.846212995001922486e-01 2.625144175317185580e-01
6.585928489042676137e-01 3.846212995001922486e-01 2.625144175317185580e-01
6.550865051903114189e-01 3.798846597462514629e-01 2.590080738177624187e-01
6.550865051903114189e-01 3.798846597462514629e-01 2.590080738177624187e-01
6.515801614763552241e-01 3.751480199923106773e-01 2.555017301038062238e-01
6.515801614763552241e-01 3.751480199923106773e-01 2.555017301038062238e-01
6.480738177623990293e-01 3.704113802383698917e-01 2.519953863898500845e-01
6.480738177623990293e-01 3.704113802383698917e-01 2.519953863898500845e-01
6.445674740484429455e-01 3.656747404844291061e-01 2.484890426758938897e-01
6.445674740484429455e-01 3.656747404844291061e-01 2.484890426758938897e-01
6.410611303344867506e-01 3.609381007304883204e-01 2.449826989619377227e-01
6.410611303344867506e-01 3.609381007304883204e-01 2.449826989619377227e-01
6.375547866205305558e-01 3.562014609765474793e-01 2.414763552479815556e-01
6.375547866205305558e-01 3.562014609765474793e-01 2.414763552479815556e-01
6.340484429065744720e-01 3.514648212226067492e-01 2.379700115340253885e-01
6.340484429065744720e-01 3.514648212226067492e-01 2.379700115340253885e-01
6.305420991926182772e-01 3.467281814686659080e-01 2.344636678200691937e-01
6.305420991926182772e-01 3.467281814686659080e-01 2.344636678200691937e-01
6.270357554786620824e-01 3.419915417147251224e-01 2.309573241061130544e-01
6.270357554786620824e-01 3.419915417147251224e-01 2.309573241061130544e-01
6.235294117647058876e-01 3.372549019607843368e-01 2.274509803921568596e-01
6.235294117647058876e-01 3.372549019607843368e-01 2.274509803921568596e-01
