6.235294117647058876e-01 3.372549019607843368e-01 2.274509803921568596e-01
6.235294117647058876e-01 3.372549019607843368e-01 2.274509803921568596e-01
6.252825836216839850e-01 3.396232218377547296e-01 2.292041522491349570e-01
6.252825836216839850e-01 3.396232218377547296e-01 2.292041522491349570e-01
6.270357554786620824e-01 3.419915417147251224e-01 2.309573241061130267e-01
6.270357554786620824e-01 3.419915417147251224e-01 2.309573241061130267e-01
6.287889273356401798e-01 3.443598615916955152e-01 2.327104959630911241e-01
6.287889273356401798e-01 3.443598615916955152e-01 2.327104959630911241e-01
6.305420991926182772e-01 3.467281814686659080e-01 2.344636678200691937e-01
6.305420991926182772e-01 3.467281814686659080e-01 2.344636678200691937e-01
6.322952710495962636e-01 3.490965013456363009e-01 2.362168396770472911e-01
6.322952710495962636e-01 3.490965013456363009e-01 2.362168396770472911e-01
6.340484429065743610e-01 3.514648212226066937e-01 2.379700115340253608e-01
6.340484429065743610e-01 3.514648212226066937e-01 2.379700115340253608e-01
6.358016147635524584e-01 3.538331410995770865e-01 2.397231833910034582e-01
6.358016147635524584e-01 3.538331410995770865e-01 2.397231833910034582e-01
6.375547866205305558e-01 3.562014609765474793e-01 2.414763552479815556e-01
6.375547866205305558e-01 3.562014609765474793e-01 2.414763552479815556e-01
6.393079584775086532e-01 3.585697808535178721e-01 2.432295271049596252e-01
6.393079584775086532e-01 3.585697808535178721e-01 2.432295271049596252e-01
6.410611303344867506e-01 3.609381007304882649e-01 2.449826989619377227e-01
6.410611303344867506e-01 3.609381007304882649e-01 2.449826989619377227e-01
6.428143021914648481e-01 3.633064206074586577e-01 2.467358708189157923e-01
6.428143021914648481e-01 3.633064206074586577e-01 2.467358708189157923e-01
6.445674740484429455e-01 3.656747404844291061e-01 2.484890426758938897e-01
6.445674740484429455e-01 3.656747404844291061e-01 2.484890426758938897e-01
6.463206459054210429e-01 3.680430603613994989e-01 2.502422145328719871e-01
6.463206459054210429e-01 3.680430603613994989e-01 2.502422145328719871e-01
6.480738177623990293e-01 3.704113802383698917e-01 2.519953863898500845e-01
6.480738177623990293e-01 3.704113802383698917e-01 2.519953863898500845e-01
6.498269896193771267e-01 3.727797001153402845e-01 2.537485582468281264e-01
6.498269896193771267e-01 3.727797001153402845e-01 2.537485582468281264e-01
6.515801614763552241e-01 3.751480199923106773e-01 2.555017301038062238e-01
6.515801614763552241e-01 3.751480199923106773e-01 2.555017301038062238e-01
6.533333333333333215e-01 3.775163398692810701e-01 2.572549019607843213e-01
6.533333333333333215e-01 3.775163398692810701e-01 2.572549019607843213e-01
6.550865051903114189e-01 3.798846597462514629e-01 2.590080738177624187e-01
6.550865051903114189e-01 3.798846597462514629e-01 2.590080738177624187e-01
6.568396770472895163e-01 3.822529796232218557e-01 2.607612456747404606e-01
6.568396770472895163e-01 3.822529796232218557e-01 2.607612456747404606e-01
6.585928489042676137e-01 3.846212995001922486e-01 2.625144175317185580e-01
6.585928489042676137e-01 3.846212995001922486e-01 2.625144175317185580e-01
6.603460207612457111e-01 3.869896193771626414e-01 2.642675893886966554e-01
6.603460207612457111e-01 3.869896193771626414e-01 2.642675893886966554e-01
6.620991926182238085e-01 3.893579392541330342e-01 2.660207612456747528e-01
6.620991926182238085e-01 3.893579392541330342e-01 2.660207612456747528e-01
6.638523644752019059e-01 3.917262591311034270e-01 2.677739331026528502e-01
6.638523644752019059e-01 3.917262591311034270e-01 2.677739331026528502e-01
6.656055363321798923e-01 3.940945790080738198e-01 2.695271049596308921e-01
6.656055363321798923e-01 3.940945790080738198e-01 2.695271049596308921e-01
6.673587081891579897e-01 3.964628988850442126e-01 2.712802768166089895e-01
6.673587081891579897e-01 3.964628988850442126e-01 2.712802768166089895e-01
6.691118800461360872e-01 3.988312187620146054e-01 2.730334486735870869e-01
6.691118800461360872e-01 3.988312187620146054e-01 2.730334486735870869e-01
6.708650519031141846e-01 4.011995386389849982e-01 2.747866205305651843e-01
6.708650519031141846e-01 4.011995386389849982e-01 2.747866205305651843e-01
6.726182237600922820e-01 4.035678585159553911e-01 2.765397923875432262e-01
6.726182237600922820e-01 4.035678585159553911e-01 2.765397923875432262e-01
6.743713956170703794e-01 4.059361783929257839e-01 2.782929642445213236e-01
6.743713956170703794e-01 4.059361783929257839e-01 2.782929642445213236e-01
6.761245674740484768e-01 4.083044982698962322e-01 2.800461361014994210e-01
6.761245674740484768e-01 4.083044982698962322e-01 2.800461361014994210e-01
6.778777393310265742e-01 4.106728181468666250e-01 2.817993079584775185e-01
6.778777393310265742e-01 4.106728181468666250e-01 2.817993079584775185e-01
6.796309111880045606e-01 4.130411380238370178e-01 2.835524798154556159e-01
6.796309111880045606e-01 4.130411380238370178e-01 2.835524798154556159e-01
6.813840830449826580e-01 4.154094579008074106e-01 2.853056516724336578e-01
6.813840830449826580e-01 4.154094579008074106e-01 2.853056516724336578e-01
6.831372549019607554e-01 4.177777777777778034e-01 2.870588235294117552e-01
6.831372549019607554e-01 4.177777777777778034e-01 2.870588235294117552e-01
6.848904267589388528e-01 4.201460976547481962e-01 2.888119953863898526e-01
6.848904267589388528e-01 4.201460976547481962e-01 2.888119953863898526e-01
6.866435986159169502e-01 4.225144175317185891e-01 2.905651672433679500e-01
6.866435986159169502e-01 4.225144175317185891e-01 2.905651672433679500e-01
6.883967704728950476e-01 4.248827374086889819e-01 2.923183391003459919e-01
6.883967704728950476e-01 4.248827374086889819e-01 2.923183391003459919e-01
6.901499423298731450e-01 4.272510572856593747e-01 2.940715109573240893e-01
6.901499423298731450e-01 4.272510572856593747e-01 2.940715109573240893e-01
6.919031141868512425e-01 4.296193771626297675e-01 2.958246828143021867e-01
6.919031141868512425e-01 4.296193771626297675e-01 2.958246828143021867e-01
6.936562860438293399e-01 4.319876970396001603e-01 2.975778546712802841e-01
6.936562860438293399e-01 4.319876970396001603e-01 2.975778546712802841e-01
6.954094579008073262e-01 4.343560169165705531e-01 2.993310265282583815e-01
6.954094579008073262e-01 4.343560169165705531e-01 2.993310265282583815e-01
6.971626297577854237e-01 4.367243367935409459e-01 3.010841983852364789e-01
6.971626297577854237e-01 4.367243367935409459e-01 3.010841983852364789e-01
6.989158016147635211e-01 4.390926566705113387e-01 3.028373702422145208e-01
6.989158016147635211e-01 4.390926566705113387e-01 3.028373702422145208e-01
7.006689734717416185e-01 4.414609765474817316e-01 3.045905420991926182e-01
7.006689734717416185e-01 4.414609765474817316e-01 3.045905420991926182e-01
7.024221453287197159e-01 4.438292964244521244e-01 3.063437139561707157e-01
7.024221453287197159e-01 4.438292964244521244e-01 3.063437139561707157e-01
7.041753171856978133e-01 4.461976163014225172e-01 3.080968858131487575e-01
7.041753171856978133e-01 4.461976163014225172e-01 3.080968858131487575e-01
7.059284890426759107e-01 4.485659361783929100e-01 3.098500576701268550e-01
7.059284890426759107e-01 4.485659361783929100e-01 3.098500576701268550e-01
7.076816608996540081e-01 4.509342560553633028e-01 3.116032295271049524e-01
7.076816608996540081e-01 4.509342560553633028e-01 3.116032295271049524e-01
7.094348327566319945e-01 4.533025759323336956e-01 3.133564013840830498e-01
7.094348327566319945e-01 4.533025759323336956e-01 3.133564013840830498e-01
7.111880046136100919e-01 4.556708958093040884e-01 3.151095732410611472e-01
7.111880046136100919e-01 4.556708958093040884e-01 3.151095732410611472e-01
7.129411764705881893e-01 4.580392156862744812e-01 3.168627450980392446e-01
7.129411764705881893e-01 4.580392156862744812e-01 3.168627450980392446e-01
7.146943483275662867e-01 4.604075355632448741e-01 3.186159169550172865e-01
7.146943483275662867e-01 4.604075355632448741e-01 3.186159169550172865e-01
7.164475201845443841e-01 4.627758554402152669e-01 3.203690888119953839e-01
7.164475201845443841e-01 4.627758554402152669e-01 3.203690888119953839e-01
7.182006920415224815e-01 4.651441753171856597e-01 3.221222606689734813e-01
7.182006920415224815e-01 4.651441753171856597e-01 3.221222606689734813e-01
7.199538638985005790e-01 4.675124951941560525e-01 3.238754325259515787e-01
7.199538638985005790e-01 4.675124951941560525e-01 3.238754325259515787e-01
7.217070357554786764e-01 4.698808150711264453e-01 3.256286043829296206e-01
7.217070357554786764e-01 4.698808150711264453e-01 3.256286043829296206e-01
7.234602076124567738e-01 4.722491349480968381e-01 3.273817762399077180e-01
7.234602076124567738e-01 4.722491349480968381e-01 3.273817762399077180e-01
7.252133794694348712e-01 4.746174548250672309e-01 3.291349480968858154e-01
7.252133794694348712e-01 4.746174548250672309e-01 3.291349480968858154e-01
7.269665513264129686e-01 4.769857747020376793e-01 3.308881199538639128e-01
7.269665513264129686e-01 4.769857747020376793e-01 3.308881199538639128e-01
7.287197231833909550e-01 4.793540945790080721e-01 3.326412918108420103e-01
7.287197231833909550e-01 4.793540945790080721e-01 3.326412918108420103e-01
7.304728950403690524e-01 4.817224144559784094e-01 3.343944636678200522e-01
7.304728950403690524e-01 4.817224144559784094e-01 3.343944636678200522e-01
7.322260668973471498e-01 4.840907343329488577e-01 3.361476355247981496e-01
7.322260668973471498e-01 4.840907343329488577e-01 3.361476355247981496e-01
7.339792387543252472e-01 4.864590542099192505e-01 3.379008073817762470e-01
7.339792387543252472e-01 4.864590542099192505e-01 3.379008073817762470e-01
7.357324106113033446e-01 4.888273740868896433e-01 3.396539792387543444e-01
7.357324106113033446e-01 4.888273740868896433e-01 3.396539792387543444e-01
7.374855824682814420e-01 4.911956939638600361e-01 3.414071510957323863e-01
7.374855824682814420e-01 4.911956939638600361e-01 3.414071510957323863e-01
7.392387543252595394e-01 4.935640138408304289e-01 3.431603229527104837e-01
7.392387543252595394e-01 4.935640138408304289e-01 3.431603229527104837e-01
7.409919261822376368e-01 4.959323337178008773e-01 3.449134948096885811e-01
7.409919261822376368e-01 4.959323337178008773e-01 3.449134948096885811e-01
7.427450980392156232e-01 4.983006535947712146e-01 3.466666666666666785e-01
7.427450980392156232e-01 4.983006535947712146e-01 3.466666666666666785e-01
7.444982698961937206e-01 5.006689734717415519e-01 3.484198385236447759e-01
7.444982698961937206e-01 5.006689734717415519e-01 3.484198385236447759e-01
7.462514417531718180e-01 5.030372933487120557e-01 3.501730103806228733e-01
7.462514417531718180e-01 5.030372933487120557e-01 3.501730103806228733e-01
7.480046136101499155e-01 5.054056132256824485e-01 3.519261822376009152e-01
7.480046136101499155e-01 5.054056132256824485e-01 3.519261822376009152e-01
7.497577854671280129e-01 5.077739331026528413e-01 3.536793540945790126e-01
7.497577854671280129e-01 5.077739331026528413e-01 3.536793540945790126e-01
7.515109573241061103e-01 5.101422529796231231e-01 3.554325259515570545e-01
7.515109573241061103e-01 5.101422529796231231e-01 3.554325259515570545e-01
7.532641291810842077e-01 5.125105728565935159e-01 3.571856978085351519e-01
7.532641291810842077e-01 5.125105728565935159e-01 3.571856978085351519e-01
7.550173010380623051e-01 5.148788927335640198e-01 3.589388696655132494e-01
7.550173010380623051e-01 5.148788927335640198e-01 3.589388696655132494e-01
7.567704728950404025e-01 5.172472126105344126e-01 3.606920415224913468e-01
7.567704728950404025e-01 5.172472126105344126e-01 3.606920415224913468e-01
7.585236447520184999e-01 5.196155324875048054e-01 3.624452133794694442e-01
7.585236447520184999e-01 5.196155324875048054e-01 3.624452133794694442e-01
7.602768166089965973e-01 5.219838523644751982e-01 3.641983852364475416e-01
7.602768166089965973e-01 5.219838523644751982e-01 3.641983852364475416e-01
7.620299884659745837e-01 5.243521722414455910e-01 3.659515570934256390e-01
7.620299884659745837e-01 5.243521722414455910e-01 3.659515570934256390e-01
7.637831603229526811e-01 5.267204921184159838e-01 3.677047289504036809e-01
7.637831603229526811e-01 5.267204921184159838e-01 3.677047289504036809e-01
7.655363321799307785e-01 5.290888119953863766e-01 3.694579008073817783e-01
7.655363321799307785e-01 5.290888119953863766e-01 3.694579008073817783e-01
7.672895040369088759e-01 5.314571318723567694e-01 3.712110726643598202e-01
7.672895040369088759e-01 5.314571318723567694e-01 3.712110726643598202e-01
7.690426758938869733e-01 5.338254517493271623e-01 3.729642445213379176e-01
7.690426758938869733e-01 5.338254517493271623e-01 3.729642445213379176e-01
7.707958477508650708e-01 5.361937716262975551e-01 3.747174163783160150e-01
7.707958477508650708e-01 5.361937716262975551e-01 3.747174163783160150e-01
7.725490196078430571e-01 5.385620915032679479e-01 3.764705882352941124e-01
7.725490196078430571e-01 5.385620915032679479e-01 3.764705882352941124e-01
7.743021914648212656e-01 5.409304113802383407e-01 3.782237600922722098e-01
7.743021914648212656e-01 5.409304113802383407e-01 3.782237600922722098e-01
7.760553633217992520e-01 5.432987312572087335e-01 3.799769319492503072e-01
7.760553633217992520e-01 5.432987312572087335e-01 3.799769319492503072e-01
7.778085351787773494e-01 5.456670511341791263e-01 3.817301038062284047e-01
7.778085351787773494e-01 5.456670511341791263e-01 3.817301038062284047e-01
7.795617070357554468e-01 5.480353710111495191e-01 3.834832756632064465e-01
7.795617070357554468e-01 5.480353710111495191e-01 3.834832756632064465e-01
7.813148788927335442e-01 5.504036908881199119e-01 3.852364475201845440e-01
7.813148788927335442e-01 5.504036908881199119e-01 3.852364475201845440e-01
7.830680507497116416e-01 5.527720107650903048e-01 3.869896193771626414e-01
7.830680507497116416e-01 5.527720107650903048e-01 3.869896193771626414e-01
7.848212226066897390e-01 5.551403306420606976e-01 3.887427912341406833e-01
7.848212226066897390e-01 5.551403306420606976e-01 3.887427912341406833e-01
7.865743944636678364e-01 5.575086505190310904e-01 3.904959630911187807e-01
7.865743944636678364e-01 5.575086505190310904e-01 3.904959630911187807e-01
7.883275663206459338e-01 5.598769703960014832e-01 3.922491349480968781e-01
7.883275663206459338e-01 5.598769703960014832e-01 3.922491349480968781e-01
7.900807381776240312e-01 5.622452902729718760e-01 3.940023068050749755e-01
7.900807381776240312e-01 5.622452902729718760e-01 3.940023068050749755e-01
7.918339100346021286e-01 5.646136101499422688e-01 3.957554786620530729e-01
7.918339100346021286e-01 5.646136101499422688e-01 3.957554786620530729e-01
7.935870818915801150e-01 5.669819300269126616e-01 3.975086505190311703e-01
7.935870818915801150e-01 5.669819300269126616e-01 3.975086505190311703e-01
7.953402537485582124e-01 5.693502499038830544e-01 3.992618223760092122e-01
7.953402537485582124e-01 5.693502499038830544e-01 3.992618223760092122e-01
7.970934256055363099e-01 5.717185697808535583e-01 4.010149942329873096e-01
7.970934256055363099e-01 5.717185697808535583e-01 4.010149942329873096e-01
7.988465974625144073e-01 5.740868896578238401e-01 4.027681660899654070e-01
7.988465974625144073e-01 5.740868896578238401e-01 4.027681660899654070e-01
8.005997693194925047e-01 5.764552095347942329e-01 4.045213379469434489e-01
8.005997693194925047e-01 5.764552095347942329e-01 4.045213379469434489e-01
8.023529411764706021e-01 5.788235294117647367e-01 4.062745098039215463e-01
8.023529411764706021e-01 5.788235294117647367e-01 4.062745098039215463e-01
8.041061130334486995e-01 5.811918492887351295e-01 4.080276816608996437e-01
8.041061130334486995e-01 5.811918492887351295e-01 4.080276816608996437e-01
8.058592848904266859e-01 5.835601691657055223e-01 4.097808535178777412e-01
8.058592848904266859e-01 5.835601691657055223e-01 4.097808535178777412e-01
8.076124567474047833e-01 5.859284890426758041e-01 4.115340253748558386e-01
8.076124567474047833e-01 5.859284890426758041e-01 4.115340253748558386e-01
8.093656286043828807e-01 5.882968089196463080e-01 4.132871972318339360e-01
8.093656286043828807e-01 5.882968089196463080e-01 4.132871972318339360e-01
8.111188004613609781e-01 5.906651287966167008e-01 4.150403690888120334e-01
8.111188004613609781e-01 5.906651287966167008e-01 4.150403690888120334e-01
8.128719723183390755e-01 5.930334486735870936e-01 4.167935409457900753e-01
8.128719723183390755e-01 5.930334486735870936e-01 4.167935409457900753e-01
8.146251441753171729e-01 5.954017685505574864e-01 4.185467128027681727e-01
8.146251441753171729e-01 5.954017685505574864e-01 4.185467128027681727e-01
8.163783160322952703e-01 5.977700884275278792e-01 4.202998846597462701e-01
8.163783160322952703e-01 5.977700884275278792e-01 4.202998846597462701e-01
8.181314878892733677e-01 6.001384083044982720e-01 4.220530565167243120e-01
8.181314878892733677e-01 6.001384083044982720e-01 4.220530565167243120e-01
8.198846597462514652e-01 6.025067281814686648e-01 4.238062283737024094e-01
8.198846597462514652e-01 6.025067281814686648e-01 4.238062283737024094e-01
8.216378316032295626e-01 6.048750480584390576e-01 4.255594002306805068e-01
8.216378316032295626e-01 6.048750480584390576e-01 4.255594002306805068e-01
8.233910034602075489e-01 6.072433679354094505e-01 4.273125720876586042e-01
8.233910034602075489e-01 6.072433679354094505e-01 4.273125720876586042e-01
8.251441753171857574e-01 6.096116878123798433e-01 4.290657439446367016e-01
8.251441753171857574e-01 6.096116878123798433e-01 4.290657439446367016e-01
8.268973471741637438e-01 6.119800076893502361e-01 4.308189158016147990e-01
8.268973471741637438e-01 6.119800076893502361e-01 4.308189158016147990e-01
8.286505190311418412e-01 6.143483275663206289e-01 4.325720876585928409e-01
8.286505190311418412e-01 6.143483275663206289e-01 4.325720876585928409e-01
8.304036908881199386e-01 6.167166474432910217e-01 4.343252595155709384e-01
8.304036908881199386e-01 6.167166474432910217e-01 4.343252595155709384e-01
8.321568627450980360e-01 6.190849673202614145e-01 4.360784313725490358e-01
8.321568627450980360e-01 6.190849673202614145e-01 4.360784313725490358e-01
8.339100346020761334e-01 6.214532871972318073e-01 4.378316032295270777e-01
8.339100346020761334e-01 6.214532871972318073e-01 4.378316032295270777e-01
8.356632064590542308e-01 6.238216070742022001e-01 4.395847750865051751e-01
8.356632064590542308e-01 6.238216070742022001e-01 4.395847750865051751e-01
8.374163783160322172e-01 6.261899269511725930e-01 4.413379469434832725e-01
8.374163783160322172e-01 6.261899269511725930e-01 4.413379469434832725e-01
8.391695501730103146e-01 6.285582468281429858e-01 4.430911188004613699e-01
8.391695501730103146e-01 6.285582468281429858e-01 4.430911188004613699e-01
8.409227220299884120e-01 6.309265667051133786e-01 4.448442906574394673e-01
8.409227220299884120e-01 6.309265667051133786e-01 4.448442906574394673e-01
8.426758938869665094e-01 6.332948865820837714e-01 4.465974625144175647e-01
8.426758938869665094e-01 6.332948865820837714e-01 4.465974625144175647e-01
8.444290657439446068e-01 6.356632064590541642e-01 4.483506343713956621e-01
8.444290657439446068e-01 6.356632064590541642e-01 4.483506343713956621e-01
8.461822376009227042e-01 6.380315263360245570e-01 4.501038062283737040e-01
8.461822376009227042e-01 6.380315263360245570e-01 4.501038062283737040e-01
8.476585928489042132e-01 6.406305267204920328e-01 4.531334102268358421e-01
8.476585928489042132e-01 6.406305267204920328e-01 4.531334102268358421e-01
8.488581314878892448e-01 6.434602076124567027e-01 4.574394463667820210e-01
8.488581314878892448e-01 6.434602076124567027e-01 4.574394463667820210e-01
8.500576701268742763e-01 6.462898885044213726e-01 4.617454825067281998e-01
8.500576701268742763e-01 6.462898885044213726e-01 4.617454825067281998e-01
8.512572087658593079e-01 6.491195693963859314e-01 4.660515186466743787e-01
8.512572087658593079e-01 6.491195693963859314e-01 4.660515186466743787e-01
8.524567474048442284e-01 6.519492502883504903e-01 4.703575547866204465e-01
8.524567474048442284e-01 6.519492502883504903e-01 4.703575547866204465e-01
8.536562860438292599e-01 6.547789311803151602e-01 4.746635909265667363e-01
8.536562860438292599e-01 6.547789311803151602e-01 4.746635909265667363e-01
8.548558246828142915e-01 6.576086120722798301e-01 4.789696270665129152e-01
8.548558246828142915e-01 6.576086120722798301e-01 4.789696270665129152e-01
8.560553633217993230e-01 6.604382929642444999e-01 4.832756632064590940e-01
8.560553633217993230e-01 6.604382929642444999e-01 4.832756632064590940e-01
8.572549019607843546e-01 6.632679738562090588e-01 4.875816993464052174e-01
8.572549019607843546e-01 6.632679738562090588e-01 4.875816993464052174e-01
8.584544405997692751e-01 6.660976547481737287e-01 4.918877354863513962e-01
8.584544405997692751e-01 6.660976547481737287e-01 4.918877354863513962e-01
8.596539792387543066e-01 6.689273356401383985e-01 4.961937716262975751e-01
8.596539792387543066e-01 6.689273356401383985e-01 4.961937716262975751e-01
8.608535178777393382e-01 6.717570165321029574e-01 5.004998077662438094e-01
8.608535178777393382e-01 6.717570165321029574e-01 5.004998077662438094e-01
8.620530565167243697e-01 6.745866974240676273e-01 5.048058439061899882e-01
8.620530565167243697e-01 6.745866974240676273e-01 5.048058439061899882e-01
8.632525951557092903e-01 6.774163783160322971e-01 5.091118800461360561e-01
8.632525951557092903e-01 6.774163783160322971e-01 5.091118800461360561e-01
8.644521337946943218e-01 6.802460592079968560e-01 5.134179161860823459e-01
8.644521337946943218e-01 6.802460592079968560e-01 5.134179161860823459e-01
8.656516724336793533e-01 6.830757400999615259e-01 5.177239523260284138e-01
8.656516724336793533e-01 6.830757400999615259e-01 5.177239523260284138e-01
8.668512110726643849e-01 6.859054209919261957e-01 5.220299884659747036e-01
8.668512110726643849e-01 6.859054209919261957e-01 5.220299884659747036e-01
8.680507497116493054e-01 6.887351018838907546e-01 5.263360246059207714e-01
8.680507497116493054e-01 6.887351018838907546e-01 5.263360246059207714e-01
8.692502883506343370e-01 6.915647827758554245e-01 5.306420607458669503e-01
8.692502883506343370e-01 6.915647827758554245e-01 5.306420607458669503e-01
8.704498269896193685e-01 6.943944636678199833e-01 5.349480968858131291e-01
8.704498269896193685e-01 6.943944636678199833e-01 5.349480968858131291e-01
8.716493656286042890e-01 6.972241445597845422e-01 5.392541330257591969e-01
8.716493656286042890e-01 6.972241445597845422e-01 5.392541330257591969e-01
8.728489042675894316e-01 7.000538254517493231e-01 5.435601691657054868e-01
8.728489042675894316e-01 7.000538254517493231e-01 5.435601691657054868e-01
8.740484429065743521e-01 7.028835063437138819e-01 5.478662053056516656e-01
8.740484429065743521e-01 7.028835063437138819e-01 5.478662053056516656e-01
8.752479815455593837e-01 7.057131872356785518e-01 5.521722414455978445e-01
8.752479815455593837e-01 7.057131872356785518e-01 5.521722414455978445e-01
8.764475201845444152e-01 7.085428681276432217e-01 5.564782775855440233e-01
8.764475201845444152e-01 7.085428681276432217e-01 5.564782775855440233e-01
8.776470588235294468e-01 7.113725490196077805e-01 5.607843137254902022e-01
8.776470588235294468e-01 7.113725490196077805e-01 5.607843137254902022e-01
8.788465974625143673e-01 7.142022299115724504e-01 5.650903498654363810e-01
8.788465974625143673e-01 7.142022299115724504e-01 5.650903498654363810e-01
8.800461361014993988e-01 7.170319108035370093e-01 5.693963860053825599e-01
8.800461361014993988e-01 7.170319108035370093e-01 5.693963860053825599e-01
8.812456747404844304e-01 7.198615916955016791e-01 5.737024221453287387e-01
8.812456747404844304e-01 7.198615916955016791e-01 5.737024221453287387e-01
8.824452133794694619e-01 7.226912725874663490e-01 5.780084582852749175e-01
8.824452133794694619e-01 7.226912725874663490e-01 5.780084582852749175e-01
8.836447520184543825e-01 7.255209534794309079e-01 5.823144944252210964e-01
8.836447520184543825e-01 7.255209534794309079e-01 5.823144944252210964e-01
8.848442906574394140e-01 7.283506343713955777e-01 5.866205305651672752e-01
8.848442906574394140e-01 7.283506343713955777e-01 5.866205305651672752e-01
8.860438292964244456e-01 7.311803152633602476e-01 5.909265667051134541e-01
8.860438292964244456e-01 7.311803152633602476e-01 5.909265667051134541e-01
8.872433679354094771e-01 7.340099961553248065e-01 5.952326028450596329e-01
8.872433679354094771e-01 7.340099961553248065e-01 5.952326028450596329e-01
8.884429065743943976e-01 7.368396770472894763e-01 5.995386389850058118e-01
8.884429065743943976e-01 7.368396770472894763e-01 5.995386389850058118e-01
8.896424452133794292e-01 7.396693579392541462e-01 6.038446751249519906e-01
8.896424452133794292e-01 7.396693579392541462e-01 6.038446751249519906e-01
8.908419838523644607e-01 7.424990388312185940e-01 6.081507112648980584e-01
8.908419838523644607e-01 7.424990388312185940e-01 6.081507112648980584e-01
8.920415224913494923e-01 7.453287197231833749e-01 6.124567474048443483e-01
8.920415224913494923e-01 7.453287197231833749e-01 6.124567474048443483e-01
8.932410611303345238e-01 7.481584006151479338e-01 6.167627835447904161e-01
8.932410611303345238e-01 7.481584006151479338e-01 6.167627835447904161e-01
8.944405997693194443e-01 7.509880815071126037e-01 6.210688196847367060e-01
8.944405997693194443e-01 7.509880815071126037e-01 6.210688196847367060e-01
8.956401384083044759e-01 7.538177623990772735e-01 6.253748558246827738e-01
8.956401384083044759e-01 7.538177623990772735e-01 6.253748558246827738e-01
8.968396770472895074e-01 7.566474432910418324e-01 6.296808919646290637e-01
8.968396770472895074e-01 7.566474432910418324e-01 6.296808919646290637e-01
8.980392156862745390e-01 7.594771241830065023e-01 6.339869281045751315e-01
8.980392156862745390e-01 7.594771241830065023e-01 6.339869281045751315e-01
8.992387543252594595e-01 7.623068050749711722e-01 6.382929642445214213e-01
8.992387543252594595e-01 7.623068050749711722e-01 6.382929642445214213e-01
9.004382929642444910e-01 7.651364859669357310e-01 6.425990003844674892e-01
9.004382929642444910e-01 7.651364859669357310e-01 6.425990003844674892e-01
9.016378316032295226e-01 7.679661668589004009e-01 6.469050365244137790e-01
9.016378316032295226e-01 7.679661668589004009e-01 6.469050365244137790e-01
9.028373702422145541e-01 7.707958477508649597e-01 6.512110726643598468e-01
9.028373702422145541e-01 7.707958477508649597e-01 6.512110726643598468e-01
9.040369088811994747e-01 7.736255286428296296e-01 6.555171088043060257e-01
9.040369088811994747e-01 7.736255286428296296e-01 6.555171088043060257e-01
9.052364475201845062e-01 7.764552095347942995e-01 6.598231449442522045e-01
9.052364475201845062e-01 7.764552095347942995e-01 6.598231449442522045e-01
9.064359861591695378e-01 7.792848904267588583e-01 6.641291810841983834e-01
9.064359861591695378e-01 7.792848904267588583e-01 6.641291810841983834e-01
9.076355247981545693e-01 7.821145713187235282e-01 6.684352172241445622e-01
9.076355247981545693e-01 7.821145713187235282e-01 6.684352172241445622e-01
9.088350634371396009e-01 7.849442522106881981e-01 6.727412533640907411e-01
9.088350634371396009e-01 7.849442522106881981e-01 6.727412533640907411e-01
9.100346020761245214e-01 7.877739331026527569e-01 6.770472895040368089e-01
9.100346020761245214e-01 7.877739331026527569e-01 6.770472895040368089e-01
9.112341407151095529e-01 7.906036139946174268e-01 6.813533256439830987e-01
9.112341407151095529e-01 7.906036139946174268e-01 6.813533256439830987e-01
9.124336793540945845e-01 7.934332948865820967e-01 6.856593617839292776e-01
9.124336793540945845e-01 7.934332948865820967e-01 6.856593617839292776e-01
9.136332179930796160e-01 7.962629757785466555e-01 6.899653979238754564e-01
9.136332179930796160e-01 7.962629757785466555e-01 6.899653979238754564e-01
9.148327566320645365e-01 7.990926566705113254e-01 6.942714340638216353e-01
9.148327566320645365e-01 7.990926566705113254e-01 6.942714340638216353e-01
9.160322952710495681e-01 8.019223375624759953e-01 6.985774702037678141e-01
9.160322952710495681e-01 8.019223375624759953e-01 6.985774702037678141e-01
9.172318339100345996e-01 8.047520184544405542e-01 7.028835063437139929e-01
9.172318339100345996e-01 8.047520184544405542e-01 7.028835063437139929e-01
9.184313725490196312e-01 8.075816993464052240e-01 7.071895424836601718e-01
9.184313725490196312e-01 8.075816993464052240e-01 7.071895424836601718e-01
9.196309111880045517e-01 8.104113802383697829e-01 7.114955786236063506e-01
9.196309111880045517e-01 8.104113802383697829e-01 7.114955786236063506e-01
9.208304498269895833e-01 8.132410611303344528e-01 7.158016147635525295e-01
9.208304498269895833e-01 8.132410611303344528e-01 7.158016147635525295e-01
9.220299884659746148e-01 8.160707420222991226e-01 7.201076509034987083e-01
9.220299884659746148e-01 8.160707420222991226e-01 7.201076509034987083e-01
9.232295271049596463e-01 8.189004229142636815e-01 7.244136870434448872e-01
9.232295271049596463e-01 8.189004229142636815e-01 7.244136870434448872e-01
9.244290657439446779e-01 8.217301038062283514e-01 7.287197231833910660e-01
9.244290657439446779e-01 8.217301038062283514e-01 7.287197231833910660e-01
9.256286043829295984e-01 8.245597846981929102e-01 7.330257593233371338e-01
9.256286043829295984e-01 8.245597846981929102e-01 7.330257593233371338e-01
9.268281430219146300e-01 8.273894655901575801e-01 7.373317954632834237e-01
9.268281430219146300e-01 8.273894655901575801e-01 7.373317954632834237e-01
9.280276816608996615e-01 8.302191464821222500e-01 7.416378316032294915e-01
9.280276816608996615e-01 8.302191464821222500e-01 7.416378316032294915e-01
9.292272202998845820e-01 8.330488273740868088e-01 7.459438677431755593e-01
9.292272202998845820e-01 8.330488273740868088e-01 7.459438677431755593e-01
9.304267589388696136e-01 8.358785082660514787e-01 7.502499038831218492e-01
9.304267589388696136e-01 8.358785082660514787e-01 7.502499038831218492e-01
9.316262975778546451e-01 8.387081891580161486e-01 7.545559400230681391e-01
9.316262975778546451e-01 8.387081891580161486e-01 7.545559400230681391e-01
9.328258362168396767e-01 8.415378700499807074e-01 7.588619761630142069e-01
9.328258362168396767e-01 8.415378700499807074e-01 7.588619761630142069e-01
9.340253748558247082e-01 8.443675509419453773e-01 7.631680123029604967e-01
9.340253748558247082e-01 8.443675509419453773e-01 7.631680123029604967e-01
9.352249134948096287e-01 8.471972318339100472e-01 7.674740484429065646e-01
9.352249134948096287e-01 8.471972318339100472e-01 7.674740484429065646e-01
9.364244521337946603e-01 8.500269127258746060e-01 7.717800845828528544e-01
9.364244521337946603e-01 8.500269127258746060e-01 7.717800845828528544e-01
9.376239907727796918e-01 8.528565936178392759e-01 7.760861207227989222e-01
9.376239907727796918e-01 8.528565936178392759e-01 7.760861207227989222e-01
9.388235294117647234e-01 8.556862745098039458e-01 7.803921568627451011e-01
9.388235294117647234e-01 8.556862745098039458e-01 7.803921568627451011e-01
9.400230680507497549e-01 8.585159554017685046e-01 7.846981930026912799e-01
9.400230680507497549e-01 8.585159554017685046e-01 7.846981930026912799e-01
9.412226066897346755e-01 8.613456362937331745e-01 7.890042291426375698e-01
9.412226066897346755e-01 8.613456362937331745e-01 7.890042291426375698e-01
9.424221453287197070e-01 8.641753171856978444e-01 7.933102652825836376e-01
9.424221453287197070e-01 8.641753171856978444e-01 7.933102652825836376e-01
9.436216839677047385e-01 8.670049980776624032e-01 7.976163014225298165e-01
9.436216839677047385e-01 8.670049980776624032e-01 7.976163014225298165e-01
9.448212226066897701e-01 8.698346789696269621e-01 8.019223375624759953e-01
9.448212226066897701e-01 8.698346789696269621e-01 8.019223375624759953e-01
9.460207612456748016e-01 8.726643598615917430e-01 8.062283737024221741e-01
9.460207612456748016e-01 8.726643598615917430e-01 8.062283737024221741e-01
9.472202998846597222e-01 8.754940407535563018e-01 8.105344098423683530e-01
9.472202998846597222e-01 8.754940407535563018e-01 8.105344098423683530e-01
9.484198385236447537e-01 8.783237216455208607e-01 8.148404459823144208e-01
9.484198385236447537e-01 8.783237216455208607e-01 8.148404459823144208e-01
9.496193771626297853e-01 8.811534025374855306e-01 8.191464821222607107e-01
9.496193771626297853e-01 8.811534025374855306e-01 8.191464821222607107e-01
9.508189158016147058e-01 8.839830834294502004e-01 8.234525182622068895e-01
9.508189158016147058e-01 8.839830834294502004e-01 8.234525182622068895e-01
9.520184544405997373e-01 8.868127643214147593e-01 8.277585544021530684e-01
9.520184544405997373e-01 8.868127643214147593e-01 8.277585544021530684e-01
9.532179930795847689e-01 8.896424452133794292e-01 8.320645905420992472e-01
9.532179930795847689e-01 8.896424452133794292e-01 8.320645905420992472e-01
9.544175317185698004e-01 8.924721261053440990e-01 8.363706266820454260e-01
9.544175317185698004e-01 8.924721261053440990e-01 8.363706266820454260e-01
9.556170703575548320e-01 8.953018069973086579e-01 8.406766628219916049e-01
9.556170703575548320e-01 8.953018069973086579e-01 8.406766628219916049e-01
9.568166089965397525e-01 8.981314878892733278e-01 8.449826989619377837e-01
9.568166089965397525e-01 8.981314878892733278e-01 8.449826989619377837e-01
9.580161476355247840e-01 9.009611687812379976e-01 8.492887351018838515e-01
9.580161476355247840e-01 9.009611687812379976e-01 8.492887351018838515e-01
9.592156862745098156e-01 9.037908496732025565e-01 8.535947712418301414e-01
9.592156862745098156e-01 9.037908496732025565e-01 8.535947712418301414e-01
9.604152249134948471e-01 9.066205305651672264e-01 8.579008073817763202e-01
9.604152249134948471e-01 9.066205305651672264e-01 8.579008073817763202e-01
9.616147635524797677e-01 9.094502114571318963e-01 8.622068435217224991e-01
9.616147635524797677e-01 9.094502114571318963e-01 8.622068435217224991e-01
9.628143021914647992e-01 9.122798923490964551e-01 8.665128796616685669e-01
9.628143021914647992e-01 9.122798923490964551e-01 8.665128796616685669e-01
9.640138408304498308e-01 9.151095732410611250e-01 8.708189158016148568e-01
9.640138408304498308e-01 9.151095732410611250e-01 8.708189158016148568e-01
9.652133794694348623e-01 9.179392541330257949e-01 8.751249519415609246e-01
9.652133794694348623e-01 9.179392541330257949e-01 8.751249519415609246e-01
9.664129181084197828e-01 9.207689350249903537e-01 8.794309880815072145e-01
9.664129181084197828e-01 9.207689350249903537e-01 8.794309880815072145e-01
9.676124567474048144e-01 9.235986159169549126e-01 8.837370242214531713e-01
9.676124567474048144e-01 9.235986159169549126e-01 8.837370242214531713e-01
9.688119953863898459e-01 9.264282968089196935e-01 8.880430603613994611e-01
9.688119953863898459e-01 9.264282968089196935e-01 8.880430603613994611e-01
9.700115340253748775e-01 9.292579777008842523e-01 8.923490965013456400e-01
9.700115340253748775e-01 9.292579777008842523e-01 8.923490965013456400e-01
9.712110726643599090e-01 9.320876585928489222e-01 8.966551326412919298e-01
9.712110726643599090e-01 9.320876585928489222e-01 8.966551326412919298e-01
9.724106113033448295e-01 9.349173394848135921e-01 9.009611687812379976e-01
9.724106113033448295e-01 9.349173394848135921e-01 9.009611687812379976e-01
9.736101499423298611e-01 9.377470203767781509e-01 9.052672049211841765e-01
9.736101499423298611e-01 9.377470203767781509e-01 9.052672049211841765e-01
9.748096885813148926e-01 9.405767012687428208e-01 9.095732410611303553e-01
9.748096885813148926e-01 9.405767012687428208e-01 9.095732410611303553e-01
9.760092272202999242e-01 9.434063821607074907e-01 9.138792772010765342e-01
9.760092272202999242e-01 9.434063821607074907e-01 9.138792772010765342e-01
9.772087658592848447e-01 9.462360630526720495e-01 9.181853133410227130e-01
9.772087658592848447e-01 9.462360630526720495e-01 9.181853133410227130e-01
9.784083044982698762e-01 9.490657439446366084e-01 9.224913494809688919e-01
9.784083044982698762e-01 9.490657439446366084e-01 9.224913494809688919e-01
9.796078431372549078e-01 9.518954248366013893e-01 9.267973856209150707e-01
9.796078431372549078e-01 9.518954248366013893e-01 9.267973856209150707e-01
9.808073817762399393e-01 9.547251057285659481e-01 9.311034217608612495e-01
9.808073817762399393e-01 9.547251057285659481e-01 9.311034217608612495e-01
9.820069204152248599e-01 9.575547866205305070e-01 9.354094579008074284e-01
9.820069204152248599e-01 9.575547866205305070e-01 9.354094579008074284e-01
9.832064590542098914e-01 9.603844675124951769e-01 9.397154940407534962e-01
9.832064590542098914e-01 9.603844675124951769e-01 9.397154940407534962e-01
9.844059976931949230e-01 9.632141484044598467e-01 9.440215301806997861e-01
9.844059976931949230e-01 9.632141484044598467e-01 9.440215301806997861e-01
9.856055363321799545e-01 9.660438292964244056e-01 9.483275663206459649e-01
9.856055363321799545e-01 9.660438292964244056e-01 9.483275663206459649e-01
9.868050749711648750e-01 9.688735101883889644e-01 9.526336024605919217e-01
9.868050749711648750e-01 9.688735101883889644e-01 9.526336024605919217e-01
9.880046136101499066e-01 9.717031910803537453e-01 9.569396386005382116e-01
9.880046136101499066e-01 9.717031910803537453e-01 9.569396386005382116e-01
9.892041522491349381e-01 9.745328719723183042e-01 9.612456747404845014e-01
9.892041522491349381e-01 9.745328719723183042e-01 9.612456747404845014e-01
9.904036908881199697e-01 9.773625528642829741e-01 9.655517108804305693e-01
9.904036908881199697e-01 9.773625528642829741e-01 9.655517108804305693e-01
9.916032295271048902e-01 9.801922337562476439e-01 9.698577470203768591e-01
9.916032295271048902e-01 9.801922337562476439e-01 9.698577470203768591e-01
9.928027681660899217e-01 9.830219146482122028e-01 9.741637831603229269e-01
9.928027681660899217e-01 9.830219146482122028e-01 9.741637831603229269e-01
9.940023068050749533e-01 9.858515955401768727e-01 9.784698193002692168e-01
9.940023068050749533e-01 9.858515955401768727e-01 9.784698193002692168e-01
9.952018454440599848e-01 9.886812764321415425e-01 9.827758554402152846e-01
9.952018454440599848e-01 9.886812764321415425e-01 9.827758554402152846e-01
9.964013840830450164e-01 9.915109573241061014e-01 9.870818915801615745e-01
9.964013840830450164e-01 9.915109573241061014e-01 9.870818915801615745e-01
9.976009227220299369e-01 9.943406382160706602e-01 9.913879277201076423e-01
9.976009227220299369e-01 9.943406382160706602e-01 9.913879277201076423e-01
9.988004613610149685e-01 9.971703191080354411e-01 9.956939638600539322e-01
9.988004613610149685e-01 9.971703191080354411e-01 9.956939638600539322e-01
1.000000000000000000e+00 1.000000000000000000e+00 1.000000000000000000e+00
1.000000000000000000e+00 1.000000000000000000e+00 1.000000000000000000e+00
